425.59
152.08
434.24
172.61
428.24
161.75
437.53
198.68
198.55
288.49
182.96
139.89
213.47
426.43
213.47
444.70
416.47
321.44
420.29
423.41
319.38
145.16
217.75
206.78
422.65
233.21
215.70
222.26
202.97
419.52
298.59
318.96
321.26
180.13
215.75
243.54
325.22
137.36
418.05
326.69
172.30
229.55
268.33
322.96
147.03
176.13
431.59
179.79
328.87
274.65
421.08
351.91
202.95
421.48
359.40
351.05
425.68
298.59
141.97
414.05
134.55
254.78
283.07
215.78
416.69
348.36
290.37
415.17
426.29
432.27
287.32
333.89
128.96
442.61
202.82
446.79
141.64
327.05
317.97
215.26
243.54
207.57
213.47
152.08
347.97
418.20
202.35
252.49
215.78
294.57
223.41
298.89
446.79
179.79
323.73
341.84
364.57
234.69
340.58
322.27
823.04
1557.48
883.67
1715.03
1224.25
597.05
1483.08
1620.64
860.12
1476.74
773.73
1551.07
1438.19
1646.35
1591.96
1527.81
800.95
753.31
1308.17
773.73
1687.55
1662.90
926.74
1182.25
873.11
1659.04
812.99
614.00
634.03
829.91
1502.85
1001.73
1049.71
760.44
1501.89
790.54
1141.23
1440.58
1503.49
868.31
785.25
1003.88
1046.43
865.54
1050.60
1414.77
1634.29
1620.44
884.62
1504.39
884.89
1582.94
1037.55
1598.30
1421.01
934.12
1304.32
1258.75
798.27
765.09
1442.04
563.21
1214.82
960.08
1539.20
1349.00
758.09
579.80
1708.21
448.70
764.10
956.42
860.10
1305.59
1396.32
1493.00
1638.23
768.40
705.57
900.31
1584.72
1401.78
979.98
1704.15
1080.04
1116.75
869.02
884.62
934.94
1598.30
1589.17
1231.67
1011.08
582.74
455.88
1192.16
1002.41
719.21
752.15
901.01
1897.99
1552.92
1608.55
1019.76
1546.40
1964.60
1054.29
1034.26
1183.12
1601.75
1583.47
1298.85
1575.18
1070.82
1777.56
1715.73
1574.71
1132.71
1768.92
1523.98
1002.53
1311.84
1915.03
1725.90
1751.38
1054.85
1294.31
1808.92
1119.33
1687.47
637.48
1588.55
1080.96
1158.28
1036.94
1777.56
1060.62
1685.21
1609.32
1593.30
1100.99
1541.20
763.15
1660.04
1725.75
1809.69
1882.08
1773.28
1598.05
1809.40
1242.27
1215.21
1810.56
1552.05
1867.39
1055.51
1526.11
950.69
1427.51
1162.99
1528.40
949.12
1805.67
1213.02
1624.72
1787.22
1787.04
1214.72
1399.37
1881.99
1651.36
1746.00
1585.64
1165.29
1009.24
957.17
1801.00
1380.48
1740.62
926.11
1948.11
1212.22
1457.90
1916.32
1623.03
1795.70
1827.71
838.74
1691.01
1132.96
1915.92
1825.07
2023.21
1902.53
1025.41
1504.23
949.00
790.14
1649.09
1680.86
1461.55
1003.75
1356.32
792.96
1444.02
828.19
1003.76
1453.44
1431.80
1651.10
1006.27
1298.89
1115.14
1233.30
1330.27
965.76
1088.37
643.94
1185.59
1073.72
1518.62
888.30
743.41
1474.43
1548.42
1125.07
1244.63
1653.34
1250.81
937.42
615.14
643.73
661.90
1827.40
1407.73
758.00
692.08
610.56
1016.73
1063.89
686.63
896.52
1277.22
1393.46
1025.37
1134.99
1354.74
643.05
990.93
1147.79
1807.66
944.17
664.10
1146.70
637.17
741.26
1391.50
1480.45
646.62
692.62
738.65
1217.77
1776.72
1479.48
619.79
1679.64
1417.96
851.04
726.68
1136.39
1039.37
1158.37
1480.34
1431.68
1350.19
1073.76
1414.81
663.98
743.66
1209.91
746.63
999.98
1332.32
566.62
1180.51
709.33
1827.40
550.96
847.69
1419.82
649.84
1016.73
717.19
1397.13
1781.32
1069.45
1425.80
772.69
1049.86
1682.76
833.72
567.44
865.16
834.95
513.93
427.29
862.07
820.88
593.22
866.83
495.31
825.22
737.87
994.77
682.96
582.74
1073.84
464.03
984.65
545.11
799.75
407.33
768.21
933.23
608.31
649.98
955.87
504.91
481.40
1107.36
429.89
626.24
738.14
777.11
422.51
1150.29
905.79
633.91
731.10
726.09
931.59
892.40
406.89
392.50
562.03
948.50
551.79
569.00
979.52
528.45
282.33
337.99
346.42
699.01
1265.67
614.07
867.65
821.73
439.79
826.16
838.19
763.07
957.74
800.94
1137.26
545.96
872.24
1162.40
1205.54
344.38
769.63
877.46
1138.08
1030.87
781.63
823.49
1091.43
1064.03
882.13
431.85
409.13
787.17
377.55
377.52
768.07
649.29
1135.97
870.73
767.18
1079.80
593.58
615.14
434.37
776.10
336.77
344.53
1136.44
865.84
789.86
823.94
1073.20
885.00
619.63
330.45
1124.13
213.42
826.83
587.16
928.05
624.85
957.93
721.75
601.72
445.53
341.62
797.36
767.05
1159.37
920.39
444.50
982.90
818.31
1159.12
437.67
629.14
541.34
646.69
739.22
836.07
388.80
601.20
984.12
725.06
666.04
307.87
787.37
953.46
377.18
1122.15
641.31
849.81
1070.68
814.85
299.60
494.91
436.59
1183.27
1157.68
417.19
829.20
1490.16
1198.54
1351.86
1430.50
1304.48
482.01
674.98
761.98
1073.72
1479.76
736.61
1433.86
942.79
672.11
1489.46
675.59
753.20
563.59
982.82
1356.57
602.32
610.02
924.08
1456.98
1329.58
674.14
1485.19
674.98
1267.58
617.46
643.07
1102.84
601.46
597.73
738.07
1516.41
1277.81
967.60
1127.82
1270.13
1508.57
921.91
1078.63
1525.00
744.56
900.11
1435.55
1233.71
899.08
1390.19
1456.59
784.70
1561.28
1433.17
550.35
1489.51
864.33
596.93
846.05
1512.39
904.77
1085.76
1280.63
1538.67
1468.30
818.94
1102.97
1417.78
1436.70
676.65
1509.00
460.96
1419.14
454.46
878.99
1396.14
1272.95
783.62
1447.18
1004.87
915.09
559.35
722.39
1513.34
854.09
716.40
1508.28
1437.35
821.82
1533.53
541.25
1055.05
665.65
1017.36
1031.54
1185.71
631.22
1256.71
1443.87
825.42
1860.08
1806.31
2004.81
1798.68
1833.14
1923.61
1908.14
1883.41
1948.23
1867.87
1906.06
1850.80
1802.20
1868.44
1835.18
1923.32
1795.85
1908.14
1810.58
1873.01
1808.92
1808.18
1828.58
1856.30
1927.18
1823.74
1811.19
1970.18
1805.36
1858.23
1792.65
1863.42
1871.18
1866.07
1901.26
1782.88
1804.65
1919.73
1888.00
1805.36
1834.94
1954.06
1862.64
1827.82
1793.59
1897.99
1816.98
1782.88
2042.22
2052.72
1827.27
1901.49
1826.51
1852.91
1926.04
1840.00
1873.99
1980.42
1799.39
1834.54
1805.29
1816.43
1847.49
1841.08
1866.27
1848.90
1880.86
1837.84
1903.95
1795.11
2028.33
1817.73
1835.58
1868.44
1827.61
2008.79
1814.24
1858.23
1881.18
1801.21
1844.35
1799.73
1825.88
1889.41
1002.61
1862.35
1889.51
1812.10
1820.39
1916.06
621.17
1855.53
2030.59
1808.92
1923.77
1786.23
1904.17
1984.22
576.33
1846.78
1381.15
1176.34
959.44
1824.41
1459.30
773.54
1304.21
1354.79
648.43
1252.36
2015.89
1542.91
1827.03
1776.98
1491.17
1897.39
1759.09
1805.70
1732.91
1456.24
1394.73
2016.15
1782.80
1858.06
1427.13
1449.54
1563.42
826.60
1913.19
1432.28
1695.56
1568.56
1759.64
1098.21
1529.43
1988.04
608.54
1856.95
1661.60
369.74
1890.87
1926.63
1202.11
718.14
1337.55
1759.09
1873.12
763.45
1618.63
1457.20
781.39
1453.43
1255.98
2036.58
1564.05
1016.70
1477.60
1899.34
1357.17
1867.53
1295.95
1026.19
710.83
194.71
1317.61
1298.35
1178.57
1902.18
1384.68
861.26
1586.44
1420.50
1426.10
485.70
1513.15
1588.88
1615.98
1673.14
755.64
1643.83
1269.62
983.87
1487.43
1794.13
562.57
1676.59
1483.95
1662.15
995.43
1729.01
2031.29
858.95
1300.46
1362.33
1461.56
1698.63
1796.91
1285.79
1122.15
1228.87
1459.97
1843.73
1606.37
1782.43
1861.45
1830.91
1841.48
1827.79
1362.07
1704.85
1314.11
1277.99
1194.88
1445.53
1412.09
1205.20
1572.14
1432.11
1313.66
1591.52
951.61
1433.96
1777.25
1188.89
1254.67
2042.97
1164.05
1695.29
1534.72
1884.11
518.73
1428.20
1354.45
1127.60
723.62
1477.01
1130.19
1174.34
1754.50
1275.20
862.65
1334.65
771.55
1863.54
1042.09
1899.10
1839.24
1132.68
839.99
1761.91
1649.03
1547.59
1866.68
2052.77
1523.04
744.19
1594.81
716.98
1238.28
1787.05
1842.42
752.26
639.58
1376.92
1623.77
1156.13
763.15
1668.66
1568.48
1968.29
1751.98
1890.35
995.96
1824.17
1360.83
1447.68
1712.64
1913.89
1619.40
1703.43
982.33
1798.55
1837.32
1560.58
1607.60
1400.16
574.14
1154.76
778.93
1445.03
1955.60
1839.07
1324.57
1499.58
1122.09
1526.97
1688.56
1793.79
1333.23
1655.99
1459.52
1383.54
1819.96
1538.01
1079.72
1612.29
1345.94
1538.62
1612.41
1955.60
1466.16
1459.65
1756.24
1480.23
1648.19
2062.65
1794.06
1945.48
1501.00
1039.10
1127.57
1982.23
1867.48
1890.87
1387.30
1658.34
956.16
577.81
1397.82
1612.96
1241.86
1032.33
1154.01
1826.62
1933.69
1561.44
1776.13
1897.39
2010.10
1787.22
1548.36
1598.68
1810.05
1618.21
1959.68
1493.39
1293.43
1806.05
1760.19
1851.37
639.32
730.54
1915.03
1592.64
1734.31
2011.41
1552.96
1823.33
1624.98
1969.53
1286.97
1761.97
831.37
1573.77
1611.83
563.64
1363.46
1506.46
1116.56
1833.57
1661.89
812.00
1559.60
1785.19
726.07
1208.23
1687.47
1808.87
1817.34
1475.36
1015.75
1037.64
953.37
1463.31
1422.42
850.24
605.16
1131.91
1059.65
1783.48
1541.59
1003.66
908.29
1247.23
1083.41
1568.30
642.84
1319.46
1142.82
1708.65
727.99
1316.44
1037.05
1869.47
1415.94
1554.78
1703.66
1721.92
802.78
1863.77
1724.60
1026.19
1187.22
1598.68
1552.68
1233.47
1750.50
1766.22
1663.57
1638.90
855.95
1738.37
736.24
1324.67
1362.99
1598.71
1140.37
1572.18
1809.24
984.74
1510.48
1273.72
1851.29
1626.37
1275.68
618.93
1121.38
1888.73
1668.74
932.91
1818.09
1460.05
1165.62
1713.21
1504.42
1447.50
553.60
1022.04
1768.70
1645.95
973.53
978.53
1854.52
1106.81
1376.26
1729.94
1627.64
1486.92
844.91
1797.10
1692.64
1757.37
1805.74
1524.28
1527.56
1543.35
1835.44
831.37
1702.67
1660.14
1503.35
1413.41
1771.60
895.04
1649.13
1449.86
1857.12
1933.30
1529.24
1648.44
1481.15
1819.66
1725.58
1023.50
1023.15
1289.28
1336.88
1479.04
1789.20
2030.78
1488.49
1217.31
1316.86
1089.91
1510.07
1154.72
1851.29
1677.85
1727.37
1267.92
1692.05
1813.46
296.16
2007.29
1420.50
1694.48
1598.81
1783.62
1842.12
894.40
651.71
1183.53
684.64
1749.04
566.38
1829.30
473.04
1400.76
1724.84
1539.23
1566.84
1500.14
1108.21
1773.14
1023.78
1661.36
1636.82
1459.52
1896.74
1701.40
700.85
1633.99
604.48
1607.67
1424.68
1760.34
882.41
1432.22
1218.95
969.93
1646.76
913.51
1703.12
1624.92
1641.84
1955.72
1797.10
1498.81
1189.82
1144.57
1707.26
1216.02
1559.98
1332.36
762.51
1121.55
1423.74
1001.24
1810.99
1376.60
1990.36
548.86
1824.18
1474.34
1839.04
1651.92
413.41
808.08
1783.43
617.05
1030.92
1477.54
1484.61
1733.68
1352.19
1771.32
1356.24
1779.30
854.23
1465.00
1521.92
1184.31
1459.52
1499.69
1586.59
488.33
1196.05
779.13
1426.69
1525.62
1065.31
1203.69
926.44
1045.98
1134.84
1526.12
1901.57
1938.49
1865.77
1374.33
1904.47
1805.93
1074.48
1252.73
866.56
1090.97
1538.57
1196.28
1816.50
1756.79
1539.22
830.43
1617.35
1169.17
1675.15
1722.71
1911.70
1171.04
1821.59
882.41
1527.68
1297.10
1006.95
1664.27
1389.59
1650.50
1801.97
954.88
1265.11
1528.22
713.71
1598.34
1376.09
904.46
1757.17
1506.89
2067.50
1190.83
499.76
1148.16
1516.76
1883.38
1790.36
1710.39
1314.15
1238.84
1619.97
1659.85
1404.07
1432.59
1906.86
1408.97
1610.91
1432.98
1662.77
1834.01
1790.01
1760.40
1298.40
1158.34
1177.40
1459.45
1566.64
1051.81
1833.26
1583.15
760.96
1538.52
1891.10
1468.01
1078.67
1028.53
1516.43
1231.64
867.88
1353.73
958.55
1447.18
1303.92
1286.70
1627.99
1012.50
1209.33
1190.60
1135.80
1501.24
1758.12
788.64
1713.26
1160.26
517.29
1421.51
933.65
1433.95
1163.88
1665.94
1238.33
1470.07
1329.46
1732.50
1087.19
1552.99
1190.83
1628.19
1907.17
2033.92
1691.49
1362.14
618.48
1809.47
1612.17
1503.49
1397.02
1599.96
1876.71
1554.48
1449.41
1508.44
1110.24
1939.06
1812.55
1875.63
1171.42
1387.07
1485.73
1686.53
1464.26
786.10
1841.48
1478.48
1820.12
1419.82
1061.97
1685.98
1776.22
1405.39
1900.40
1474.10
1583.55
687.19
1475.02
2015.08
1443.12
1528.40
1894.45
1707.91
1486.19
1833.71
1488.30
1542.41
1538.67
1537.10
1586.59
2045.99
975.61
750.11
1756.85
1496.88
1256.63
372.63
1362.33
797.21
972.70
1819.39
967.80
1533.85
1728.68
1769.84
1416.27
1861.70
1441.66
1066.01
1528.49
1863.19
1537.20
1637.97
927.73
1323.59
954.03
1668.82
1483.12
1258.61
1476.47
1697.73
1597.54
1276.11
1714.21
1480.53
1556.46
1796.14
1196.01
1884.47
1488.30
1787.16
1022.13
1935.30
1744.95
1975.00
1356.17
1122.56
1904.88
1806.45
1536.75
1001.65
1488.82
1823.21
1520.92
1613.56
1345.32
447.54
1667.81
1059.19
1360.69
1254.56
2045.96
1310.12
1426.59
1694.56
1149.32
659.24
1302.69
1519.70
1410.86
1528.69
1059.95
1049.79
1497.53
1418.88
1457.14
1481.72
1899.59
1561.77
1187.14
810.23
1456.67
1787.22
1599.20
1426.50
1486.44
685.12
1362.74
1137.12
858.10
1362.56
1617.99
1580.89
1839.50
1299.15
1702.26
995.50
1617.76
1833.71
1147.24
1890.64
1243.70
1809.61
707.54
603.77
1483.23
1070.82
1774.36
1265.86
1801.78
1632.15
1501.02
1672.96
1213.70
914.51
1768.81
1657.61
602.68
1233.57
859.20
1129.59
924.10
1472.46
1535.12
1537.77
1857.53
698.09
915.09
659.24
1484.91
1141.23
1522.60
996.85
2065.65
1578.59
343.87
1507.10
1296.17
665.38
1209.72
1432.78
882.24
1801.97
1153.67
1776.57
895.54
470.91
1503.48
1242.25
1490.74
1561.28
1185.18
1635.85
434.35
673.01
1692.39
1718.85
771.79
958.95
1234.90
1467.26
1478.85
1366.75
1767.69
467.03
1315.17
885.80
1530.79
1658.32
1787.22
1683.82
1508.57
1869.41
1377.90
1908.94
1221.47
1631.93
1033.05
1523.94
1355.52
856.74
1572.75
1634.01
1640.31
1697.09
1578.61
1659.35
1480.14
1186.44
1324.45
1227.68
914.41
1749.51
1585.55
1526.89
1424.95
2024.54
1828.76
1747.11
437.23
1152.74
1265.82
2014.40
1537.29
994.06
1479.55
907.26
1872.73
1702.67
2051.36
1604.52
1508.88
1007.98
1999.03
1714.65
505.03
1375.42
918.24
1354.94
1529.98
1516.43
1486.67
1666.21
1477.50
1836.54
1430.90
1185.45
1061.96
1595.62
782.36
1531.48
1533.85
1039.84
624.85
869.02
1439.78
1099.32
1578.88
1051.47
1791.92
1729.79
687.61
1521.14
1461.80
1326.34
1356.43
1303.14
1766.58
1505.81
1898.93
2021.73
1860.91
1622.26
1392.79
1246.36
1482.29
1457.39
1675.53
1749.51
642.15
1805.45
1814.44
1762.48
1673.23
1323.42
1379.96
1128.92
1229.10
1787.22
759.51
331.35
871.32
558.39
1387.68
1026.93
925.11
692.04
873.20
1693.72
1449.02
609.19
1195.30
1773.60
917.18
1796.75
1833.71
1478.61
1699.72
374.80
1495.22
1446.18
983.63
1325.25
1469.76
1130.32
1906.84
900.69
1549.78
687.73
1974.77
1273.41
1894.74
1199.45
1405.82
1276.90
1596.40
716.88
1432.38
476.82
1413.56
1716.39
1842.05
570.04
1754.50
709.73
1037.48
1039.10
1156.35
1689.42
1441.93
1527.56
1602.69
959.08
668.14
1185.03
1851.33
1822.25
1064.10
1910.67
1869.54
1669.60
999.45
1537.86
1473.26
820.74
1607.14
1188.71
1827.48
1331.54
1375.37
1629.42
1497.53
1383.45
1671.98
1673.82
1648.45
1459.30
1262.64
1593.42
1769.65
1060.71
1727.72
1162.34
874.85
1668.41
1634.34
1905.89
1214.27
1174.71
1289.80
1084.23
1841.48
1248.33
1957.23
627.74
1307.12
1411.40
1446.34
1593.55
1805.36
1899.28
1593.42
1286.44
1289.13
1713.52
1890.83
572.52
1862.64
820.55
1000.42
1771.22
991.41
1494.18
568.59
1855.12
1534.87
1942.87
1952.99
1285.32
1598.87
1536.20
1956.12
1601.70
1455.53
928.39
889.00
1617.26
847.61
1759.09
1432.65
1340.86
1999.40
1634.14
1598.05
1574.10
1121.97
1781.95
1704.74
1834.83
594.28
995.21
1004.71
1534.09
1841.31
1751.83
1498.99
1824.55
1698.50
1489.50
1595.63
1692.40
1533.85
1835.44
981.75
1451.19
873.07
1750.35
1253.26
1748.19
664.08
1297.83
773.95
1252.01
1295.59
1226.16
571.56
1434.43
1390.52
1625.61
1172.65
777.80
1113.18
1613.29
490.92
738.81
1668.31
1729.82
1333.22
1734.25
1641.36
1752.08
1610.45
1662.90
1651.96
1345.88
1787.22
1579.07
1232.13
737.75
1081.36
1062.79
1486.45
595.09
1542.00
1814.44
1677.53
1395.48
1473.84
948.36
1719.74
2000.51
1445.15
1213.75
1788.83
1201.97
1396.08
1522.07
1543.25
975.46
1167.99
1858.44
1792.92
1867.03
1481.40
1581.85
1791.55
1638.85
1942.94
1710.87
1595.03
1716.71
1337.68
1770.24
1426.17
1552.96
1396.38
1490.78
1527.24
1456.69
982.20
626.43
1693.36
1609.64
1225.90
1136.51
1032.70
1525.72
1339.18
587.16
770.32
1574.57
1683.40
1520.51
1468.56
1928.72
1896.46
1891.45
1246.19
1548.74
964.47
1365.46
999.54
1835.40
696.54
1758.53
1167.95
1671.37
674.13
1414.05
1630.74
983.08
1504.83
1728.30
557.93
1397.09
1226.88
1571.49
1470.12
1587.24
818.31
1422.83
1516.08
259.93
805.09
1899.53
1574.02
864.29
1148.33
1784.07
678.47
672.81
1840.50
1699.29
1710.14
1808.92
1839.55
1297.81
1538.11
1297.47
1809.43
1733.14
1591.91
1638.52
1882.11
639.36
1735.62
1396.32
1579.22
1536.36
813.25
1248.71
1617.24
1448.40
790.71
1425.20
1841.96
1528.42
914.00
1526.99
1311.52
1674.11
1854.87
1821.87
636.08
250.60
924.19
1652.21
1786.31
664.33
1599.68
1581.58
1786.61
1690.08
1733.68
610.42
1748.63
1837.37
1544.00
1753.46
1892.41
1468.30
1874.91
1487.12
1223.09
1491.65
808.14
1676.44
1542.00
1766.58
1216.83
1554.14
329.37
1834.23
1422.30
1420.14
554.07
900.03
1816.19
1624.29
1747.98
980.08
1804.57
1401.08
886.18
1827.84
1388.49
958.01
777.80
1259.75
1869.90
1887.57
1379.55
669.72
1212.56
1091.79
1007.91
1697.19
1244.45
1357.45
1309.31
1504.42
1493.55
1763.34
842.29
1419.42
1830.28
1615.89
430.69
1883.79
1479.40
2032.70
1769.48
899.04
1131.49
653.37
1707.73
1679.71
813.59
1137.95
1717.34
607.13
1025.77
884.89
1637.62
1542.41
2053.79
908.08
1194.92
1237.02
1557.19
1883.67
700.36
1835.64
1477.90
1454.26
699.57
1629.09
1538.62
1837.64
1801.39
717.10
1556.46
1228.77
1833.71
1439.97
1610.45
1669.83
734.04
1187.38
1013.72
978.91
1515.17
1539.17
1688.84
1476.38
1387.95
1522.38
1306.46
1422.67
1436.56
1874.50
1129.57
1856.95
1605.97
1678.27
1505.06
1125.15
1454.74
1955.72
1680.30
895.13
1592.60
1505.31
1911.93
1686.13
1662.18
1798.36
1419.33
1488.49
1624.22
1772.15
1164.15
1561.28
798.89
1732.93
1792.90
473.04
1679.34
1833.09
1810.26
1500.80
1432.38
753.69
1200.98
1823.18
1190.39
1699.12
1182.33
848.61
1521.92
1572.43
1416.22
1830.97
1195.04
424.66
964.15
1762.19
1919.20
1781.65
1639.09
1969.45
1348.49
1652.61
1703.84
1583.00
1357.72
1512.41
1455.49
1627.05
1039.41
1657.90
1558.06
1159.54
1010.54
712.97
1801.30
1271.84
1508.36
855.40
1138.61
1469.46
1547.92
1050.18
1313.94
1721.89
783.05
1870.54
944.05
761.74
1725.95
1101.08
1673.70
1888.86
1147.16
1810.12
1849.79
1869.20
729.37
445.99
960.00
1538.10
1808.36
632.17
1766.59
1776.98
1319.73
1656.95
919.40
714.56
1730.38
787.79
186.70
1285.89
1790.16
1499.66
1648.45
1919.02
1717.12
1937.05
1635.84
1416.88
1305.83
1683.37
854.76
1497.12
1450.34
1774.70
1344.92
1657.63
1220.66
1647.84
1583.02
1489.70
1453.19
1261.43
1825.59
1002.40
1747.34
2025.84
777.75
1845.71
209.61
1903.15
1353.81
1708.75
1754.20
1091.18
1817.34
1906.69
1595.63
1591.29
591.92
1495.91
1671.22
1585.72
1457.82
1733.50
1097.43
1824.82
1723.97
1245.09
271.95
1863.77
502.59
305.88
1351.44
916.30
1793.18
1767.40
1454.41
1806.42
1544.74
1506.22
1541.61
1127.15
815.79
1681.15
1232.88
1572.18
1464.62
1411.46
1691.79
1615.06
1550.23
713.63
909.52
1494.70
1820.27
957.04
630.47
1216.60
1141.14
1341.71
1047.04
1644.23
1655.17
1767.43
800.64
1813.67
806.86
1969.64
1864.49
1486.42
1164.38
1521.02
887.91
1815.76
1277.56
875.13
1656.95
1007.70
906.47
601.46
944.69
516.13
1863.12
1823.17
1619.87
1312.30
1142.80
556.02
1698.02
1741.11
1131.93
444.41
1594.81
1601.08
541.72
1336.52
745.99
963.26
1076.98
1907.69
874.36
446.88
1266.53
1878.30
1525.26
1864.89
1836.67
1258.58
1664.62
1840.32
1283.70
913.27
1038.11
1707.87
1270.65
1594.28
999.98
1550.06
2021.02
1646.28
1259.82
1833.76
1924.62
1411.76
1692.20
1502.09
1059.23
1833.64
1406.61
1208.71
1506.70
1786.34
1480.38
536.40
1552.95
786.84
1007.70
256.85
1676.22
1812.43
1697.28
1209.07
1289.95
1687.81
1859.13
1719.04
1212.58
1444.87
698.09
1831.18
1806.46
1127.03
1797.64
1299.55
1729.84
1815.38
1595.35
643.10
970.34
1535.68
1858.09
1537.89
1212.98
926.11
1407.50
1162.93
1813.27
1572.84
1849.42
1574.53
951.53
1721.03
1539.41
1654.62
999.78
1532.98
1114.52
998.52
1447.43
1650.97
1560.50
1526.72
1819.31
1182.23
841.66
971.45
1784.44
1731.98
1694.49
1396.74
1296.90
1294.74
706.14
1900.98
1195.24
1914.73
1079.54
1594.81
555.50
1414.40
1232.31
1064.40
426.18
1691.27
1688.75
638.17
1123.15
1999.70
1841.01
1090.87
1812.57
1526.27
1550.49
1708.33
1497.69
2011.65
1020.63
689.23
1907.90
1598.78
1573.85
1824.49
2066.91
1504.39
1603.55
1607.60
1347.71
1198.87
1242.00
1285.12
1613.58
1477.72
1979.05
1528.26
1594.76
1635.77
1652.90
970.72
1823.33
1035.14
1351.53
1424.17
1611.90
1966.79
603.77
1148.34
1408.38
1941.90
1795.01
1164.98
1864.78
1687.47
1656.40
1763.95
915.05
908.21
1788.70
331.62
1877.42
1933.77
1878.30
1732.50
1431.69
1538.00
1495.34
1775.26
287.14
1636.00
1178.81
1203.17
1854.04
1311.97
1225.65
1448.72
1597.77
1623.43
1500.23
1552.05
1478.78
1812.62
951.10
1326.37
1122.00
1122.35
677.97
781.30
964.60
1721.13
615.30
1532.81
885.76
1486.93
1883.86
1869.41
1541.61
1882.37
1485.52
1345.32
1634.98
1824.43
1126.20
560.40
1195.64
1760.92
1606.65
1801.21
1868.44
657.59
506.68
1767.69
1130.06
1825.71
1006.75
1865.55
1142.32
1592.83
1222.38
1185.49
1333.10
1525.90
1893.77
1185.01
1959.13
1516.76
1326.95
1631.05
1667.61
1865.89
1667.06
1528.69
1391.41
2025.60
1162.40
809.76
1640.09
1265.91
1625.32
885.99
1283.38
1380.82
1641.42
1604.91
1890.85
1243.44
1459.80
1593.42
549.18
1691.70
1528.51
1832.82
1847.86
600.59
601.17
1672.18
1830.77
1191.26
1830.45
844.20
1167.86
1397.30
742.44
2011.65
1453.06
1127.45
1817.70
727.48
1432.54
995.97
872.18
1466.49
1554.92
1799.66
1517.33
1710.44
1600.60
1193.61
1863.77
1651.99
1442.57
1855.24
323.74
1722.48
1289.40
1676.25
611.79
718.23
1924.47
1839.42
1355.90
957.18
1537.77
1845.05
1708.48
1308.35
1625.17
1624.51
1225.40
1492.24
1617.30
1638.05
1131.72
1301.01
905.55
1788.59
1878.48
1673.87
1862.88
1990.06
1832.82
1500.30
1637.30
687.54
987.08
1479.59
844.38
1503.29
1430.26
1870.68
1084.49
1784.04
1618.30
1615.19
1683.66
1548.91
1812.98
373.37
1097.54
706.37
1435.19
759.21
1853.74
624.62
2044.96
1610.45
1350.23
1058.12
464.46
871.14
1765.78
1451.48
1611.67
992.24
992.83
1409.45
1307.92
1642.70
940.65
959.38
1583.99
1632.95
1775.77
879.35
1340.73
517.90
917.88
1749.64
1468.54
1815.23
1508.21
1645.53
1528.22
1843.43
739.28
1134.99
1866.40
1501.39
1621.67
711.78
1499.03
1751.59
381.74
1824.00
1863.77
1132.31
1499.32
1050.94
1692.66
1190.57
1371.76
1476.18
1474.95
692.04
1686.69
1579.95
1650.50
962.99
1270.34
1879.50
724.84
1794.54
1852.96
903.63
1477.36
1853.49
1546.48
769.97
1791.92
1199.69
1258.43
1382.31
1779.12
1003.01
1366.52
1957.23
1631.43
1156.73
1684.19
1725.96
1339.36
1061.83
1442.68
1150.27
812.92
1300.43
1459.13
418.13
1599.68
488.67
1543.01
1250.84
1716.71
1703.00
1815.96
1482.41
1556.96
428.14
922.47
1530.60
1862.23
1188.25
1616.57
1850.15
1009.37
1451.12
1571.09
1208.18
1549.99
474.89
2021.61
1402.39
1036.22
753.69
591.64
1869.20
1386.83
1430.74
1905.32
1792.79
1249.35
1607.79
1528.40
1090.15
1858.91
1647.96
1625.72
1665.59
1498.99
1897.39
1481.45
1678.64
1017.80
940.25
1710.59
1802.28
1465.37
989.51
1924.76
1469.61
1700.63
1583.00
1635.78
1470.93
1201.25
1638.23
1337.55
1884.92
1208.28
1772.08
1673.06
1724.68
2015.89
1373.86
1464.53
1660.16
1597.12
1455.74
898.06
1101.44
1663.30
1486.21
1785.91
1584.05
1290.19
970.98
1196.20
1020.33
1869.54
1534.18
1281.66
1796.71
1459.64
1731.66
2006.47
1837.63
1585.12
1581.56
1659.62
1202.33
530.68
1648.40
1988.04
1782.48
1790.54
2043.01
1667.52
1775.09
1182.61
1024.96
1274.89
1743.98
1630.26
1590.84
1245.26
1649.37
1539.68
895.47
1825.59
1377.85
1925.51
2033.48
1284.06
936.34
1552.62
1835.91
1831.13
1714.21
939.46
1952.99
1848.74
1864.89
1430.90
1543.46
1905.47
413.96
707.31
1426.44
868.27
1500.86
1224.38
1748.70
1111.22
1162.64
1211.29
1168.16
1700.73
1701.48
1340.20
1190.14
1691.49
844.92
1538.01
945.69
1950.40
1524.45
1494.51
1318.66
1488.30
1734.78
1339.16
1143.68
447.54
842.92
1539.61
894.88
1418.84
1554.45
1608.95
1994.03
1874.83
1766.16
1580.38
1693.93
1420.55
1869.48
1424.47
1595.21
1812.57
1918.17
1522.85
1757.41
1571.72
1566.96
1809.36
1144.93
1345.31
1916.48
1974.62
1524.55
1036.63
1686.36
1957.23
1539.88
1649.83
1016.46
1917.65
992.71
1732.49
697.88
1251.24
1609.99
745.05
1514.74
668.79
1856.93
1781.91
1680.38
1198.19
1141.82
1326.01
1882.04
1808.74
1505.55
1716.49
1325.25
970.79
1556.42
1188.30
1558.51
1285.18
1512.65
1807.05
1875.64
1870.59
1486.50
967.37
1854.00
1161.32
1667.81
1446.67
1694.72
1258.28
991.16
1216.19
1674.46
1442.88
1632.17
1020.41
1684.39
1693.48
1728.29
1957.23
1772.11
512.69
1372.30
1146.59
1392.61
2049.34
853.91
1610.14
1816.06
1124.62
1362.04
1778.80
1749.17
1630.00
1658.32
623.31
853.21
1198.52
1597.61
1564.61
1598.68
1599.35
1639.93
1531.61
1620.26
890.86
1659.55
1843.73
1898.20
1896.45
1787.86
1499.53
928.39
970.98
1720.47
981.56
1454.66
1485.65
1639.56
913.80
1599.27
1905.40
1021.24
584.98
993.37
989.39
1727.93
1289.68
1781.16
1844.74
1646.96
1081.33
1434.27
1065.61
1348.45
1626.84
1116.33
1619.29
1506.30
998.88
926.62
1408.35
1030.47
1801.69
1295.34
1273.89
1746.01
1489.77
840.35
1204.62
1495.91
964.84
609.06
653.08
470.89
1369.39
1815.17
704.27
1585.12
1606.81
1648.81
1555.20
1773.97
1843.34
879.93
1443.21
2021.88
1561.33
1538.38
1348.31
1374.04
1735.00
1357.90
1276.50
1088.45
1553.86
1718.97
1466.30
1203.37
1676.64
773.73
1174.33
1005.70
1633.03
1091.24
1439.22
878.95
966.43
1423.79
1037.89
925.05
400.97
1765.56
964.80
845.38
1845.56
797.94
1907.89
1362.90
1648.45
1832.85
1431.84
831.70
1813.27
1835.68
1803.80
690.31
1005.28
939.46
1593.35
600.06
1500.10
1758.76
1466.17
1895.78
1121.02
1135.96
1679.66
1554.37
1917.99
1886.75
1495.69
1672.15
1717.26
709.61
1604.75
1113.45
1754.11
1089.58
301.02
815.39
1315.41
1763.82
1847.82
975.67
1513.55
1336.84
811.65
1423.56
1663.78
1546.34
1585.33
1806.64
767.44
1610.09
823.04
1764.00
1176.85
1252.55
949.85
1886.75
1398.39
1310.12
1900.70
1635.80
1223.27
1841.50
1691.90
1360.85
1969.36
1692.67
1176.85
1535.17
1313.63
1666.63
1287.95
1667.26
1148.41
1610.09
1692.05
1860.20
1816.19
2015.60
1971.66
792.30
1488.49
1782.76
1541.81
702.68
741.71
1125.12
1988.04
1348.18
1420.17
1776.18
961.24
1605.77
1622.90
1744.74
530.68
954.46
1709.44
1704.26
1019.73
1142.21
1918.85
1784.44
1708.65
1700.32
1226.60
377.73
1899.14
1501.39
1225.56
2045.96
1457.64
636.58
1257.41
1674.36
1726.68
1822.62
1797.73
817.78
1581.30
1324.94
1711.72
1897.20
1506.45
1737.60
1445.05
1745.14
861.99
811.46
1136.45
1454.57
1771.39
1162.16
1863.73
1218.33
1441.70
1514.47
1396.68
892.92
1244.47
1910.91
1893.77
1272.10
864.02
1058.75
1459.52
2035.22
861.84
1813.06
1331.82
2004.06
1480.81
1907.90
646.83
1586.15
1357.21
1116.02
1506.62
1127.09
1048.55
1535.54
1233.77
763.90
1595.67
1407.89
1678.45
1487.76
1463.43
1376.92
2026.16
1535.46
1373.59
1078.50
1166.05
1835.10
1553.49
1572.87
811.67
1444.37
1808.79
1664.49
1843.43
1966.29
874.52
1524.32
1729.78
1613.30
1116.90
1886.10
636.40
1523.48
1596.06
1477.54
1218.10
855.32
1057.52
1740.93
1033.84
1556.97
1369.68
1528.20
1718.43
1245.98
698.51
1651.36
1616.00
1672.42
418.54
1301.88
1159.21
1753.98
1794.33
479.52
1228.91
1351.61
1746.01
1906.46
1275.30
1829.79
1841.48
1069.06
1574.71
1901.34
1498.70
1594.14
1521.25
891.47
1888.39
1456.55
1304.52
1472.98
1768.96
1395.30
464.48
1308.79
1892.29
662.74
1518.18
1610.43
1344.36
1448.40
902.45
783.56
1725.70
1676.36
1231.03
1193.94
1871.44
769.42
1827.97
604.70
1525.17
826.33
1232.21
1310.56
845.37
820.51
1411.46
765.60
1856.91
1334.16
1313.14
1830.21
1352.01
1481.50
1638.74
1362.50
1226.13
1311.09
1416.06
1598.68
933.97
832.21
1180.75
533.79
2017.35
1684.85
1324.12
1231.03
437.17
1189.31
1420.36
1503.99
1252.62
2030.34
1311.31
1374.26
1549.52
1809.10
1703.07
1521.65
1663.05
1435.88
1777.68
1757.33
1398.57
1596.86
1617.93
745.65
1713.01
1306.31
1127.77
1842.10
1900.83
1823.86
1229.65
1641.30
926.23
902.77
1856.95
1232.72
1618.11
449.91
1439.19
1728.42
559.10
1597.12
1714.34
1855.76
271.95
1319.84
2009.62
1944.43
775.18
1303.31
1588.70
1869.93
1720.52
1919.94
1379.93
1535.40
768.23
1481.78
1014.89
726.16
1498.87
184.83
1762.49
639.93
729.57
1592.64
1327.54
2041.71
1179.64
1852.74
1892.94
962.41
1884.76
1637.18
1903.24
695.57
736.83
1656.46
1735.93
1598.29
635.84
1705.47
2060.57
1126.50
1139.30
686.81
1742.58
1802.10
1629.51
1999.70
1648.12
1542.91
659.24
1121.69
1699.12
1969.36
1766.15
1840.25
853.87
1595.35
1442.30
1914.78
1352.88
1363.53
1650.50
1475.17
788.23
1784.64
1319.46
1511.74
1801.30
1323.04
1305.33
1481.74
1956.12
836.35
943.43
1918.03
1747.56
656.46
1575.67
1538.52
1538.68
1793.59
1805.00
1398.24
879.90
1601.75
1466.06
845.24
821.28
1487.46
944.35
1485.30
1345.00
1507.16
1890.46
1725.58
970.98
1667.81
1642.70
1140.38
1346.04
1832.40
1736.32
1647.65
1704.47
1572.27
1949.30
1663.28
1810.28
1830.35
1317.66
1374.63
1559.20
1220.96
1721.01
1739.18
1833.44
1520.94
1564.10
1863.02
550.20
1377.83
700.71
1733.85
1663.16
1598.20
1434.07
712.26
1368.17
1414.98
1467.47
1306.23
1786.69
1902.96
1268.50
1873.99
736.39
1593.42
992.97
1552.96
1141.90
1201.43
1668.46
1433.89
1184.26
628.28
1463.32
1455.49
1477.93
1806.50
1716.66
1515.71
1781.50
1732.19
1540.07
1551.07
1361.72
1255.91
1546.94
1909.90
978.82
988.22
1812.01
731.09
1803.20
1541.19
1497.28
1444.40
1763.48
1420.27
1876.12
1768.38
902.02
1788.73
1143.75
769.29
1307.59
961.24
1796.27
1843.02
1542.00
1480.80
1664.39
306.08
1644.96
1227.34
1200.76
1719.69
1115.38
818.72
1766.16
966.08
1338.35
1619.17
864.29
1496.68
663.28
698.15
1525.90
1718.21
1195.23
990.50
1631.43
867.28
1877.78
1675.01
1600.06
1636.75
1436.49
1398.99
792.29
1757.11
1791.91
793.10
767.76
880.28
1702.37
1797.39
1117.83
1914.24
1374.09
1222.38
1901.07
1340.70
1948.26
811.10
1374.02
1549.91
910.79
1806.05
1296.15
1164.99
1761.96
1307.73
1142.88
1790.36
1920.55
1574.28
1664.30
1230.77
1214.08
1397.97
1557.43
1321.17
1956.75
1605.17
1335.78
1232.92
852.43
1789.72
1545.46
1327.11
1422.96
1878.32
2065.48
710.72
1805.36
1678.09
829.91
296.73
1432.76
1415.64
1342.46
1131.93
775.88
1666.66
1723.59
1497.26
1735.83
1630.50
1418.92
970.49
1638.90
988.99
1154.72
1526.14
1089.93
1022.91
676.69
1103.13
1774.01
1997.76
1739.69
1885.94
1245.21
1654.76
1640.29
1269.82
1354.04
1886.75
1238.94
1733.14
1666.17
1919.86
1581.91
1376.79
1514.79
1877.09
1020.68
879.59
1432.05
1587.24
995.96
1003.70
1152.67
1325.75
1756.81
1443.50
1328.14
1800.54
1655.45
1656.95
294.30
404.68
1871.81
1666.34
987.95
1841.58
912.52
1188.56
674.47
1656.36
1234.47
1993.00
886.04
1545.90
1446.73
718.14
1840.60
1178.31
658.76
1341.41
1699.12
1597.19
1294.58
1876.65
1476.97
668.66
1788.72
1997.76
1443.56
1873.99
1212.37
2028.81
1296.74
1782.14
1124.33
1443.62
930.23
1212.53
1638.59
1429.18
1378.86
1537.47
771.62
865.30
1482.93
1153.48
1860.43
1893.12
1552.50
768.07
1286.51
1012.38
816.44
1653.20
878.14
1454.27
1374.29
1428.83
1311.42
1757.15
953.37
959.89
1793.18
1341.26
1800.93
1023.00
966.83
1848.20
1114.33
1317.59
1668.42
1568.97
1418.11
252.53
1839.11
1358.94
1883.54
1294.46
1509.05
1328.10
1963.58
1737.27
1709.72
1598.37
1795.61
777.86
1876.75
1510.30
1551.17
1738.39
1763.64
1453.20
1357.67
1829.08
1732.97
1191.00
1743.98
1347.16
991.22
925.54
1371.45
1948.49
1105.66
524.86
1598.87
819.17
1624.29
1397.74
1166.27
1544.05
1530.49
1553.88
991.30
1708.05
1229.22
1159.21
1120.23
1505.98
1544.55
1557.02
889.18
1379.55
919.12
1818.68
1324.20
1619.94
1203.89
2057.95
1827.80
1208.72
1840.60
1220.51
628.21
1528.22
1231.96
1426.90
1615.97
1363.45
742.40
1598.05
1435.90
987.12
1997.76
1248.95
1826.88
1028.29
1442.36
1163.88
1909.34
1518.08
1879.92
1549.17
1666.58
1083.30
870.66
1610.45
819.17
1428.35
1113.66
1219.20
1115.45
1921.96
1734.95
1535.65
1180.86
1062.42
1609.49
1987.78
1801.00
592.02
1246.87
1128.39
1570.03
1478.17
1638.59
1604.69
1452.77
282.92
1498.26
1784.27
1476.08
1598.68
1011.93
1827.84
1825.15
1305.96
580.82
2029.66
1130.35
1690.20
1697.28
1426.36
1912.12
1184.77
1762.72
1768.91
537.92
1321.84
291.22
1706.75
815.39
931.93
1802.57
1807.23
807.59
1508.28
1609.13
1911.06
1793.38
342.46
1579.16
1131.72
1871.56
1322.28
1902.84
1853.40
1923.74
1458.59
1703.84
1193.42
1466.79
663.57
1712.64
1459.11
955.02
1055.30
1713.01
1422.11
1805.21
328.35
1732.63
1688.62
1048.95
1146.37
800.01
1516.80
1261.82
1134.21
1271.55
1062.69
1566.46
1523.96
1114.96
1374.78
1557.49
1379.38
1537.77
1392.10
1785.12
1767.29
1042.09
1180.25
1064.40
1562.13
873.80
636.89
1229.40
842.89
1834.95
1424.33
1023.00
1744.97
1046.43
1916.85
1295.94
1212.24
1327.55
752.70
1313.75
1292.77
1378.68
1852.23
796.51
1309.80
1455.16
1710.87
615.90
1375.57
1400.40
917.33
1885.00
1811.41
1163.45
1345.32
860.04
1698.52
1639.31
1398.28
1232.03
822.13
1913.66
1200.89
1846.06
1112.08
1029.03
1962.53
1308.79
1546.97
1177.18
1574.28
1534.62
1228.78
1296.97
854.09
1412.72
1370.03
1291.32
1457.64
828.22
1432.89
1060.30
1368.37
1473.79
1675.01
1887.60
997.55
1323.78
1942.11
1005.52
1598.68
1173.15
1758.09
1179.02
1223.27
1554.92
1620.71
1686.62
889.37
1252.49
2020.98
1782.14
1791.13
1483.48
1918.77
1743.79
1934.48
1552.50
1525.77
1601.95
1822.76
1452.11
1172.31
1413.84
1515.69
1365.32
651.74
1104.60
1832.29
1380.94
1630.64
1834.95
1164.56
1545.34
857.72
1592.60
1857.98
420.65
1496.70
1367.34
1606.83
1605.84
1176.78
1378.06
717.45
564.98
1264.76
1828.82
1924.73
1826.10
1767.72
1445.61
1667.26
1732.24
1868.74
894.88
1784.27
631.54
916.79
944.89
1457.39
981.46
1577.80
1132.16
1587.24
1543.46
1780.87
1440.91
1483.20
1754.99
1341.32
1539.48
1884.47
1680.21
1013.88
1272.41
1749.51
1221.65
1408.30
871.96
888.10
1618.80
1810.52
1046.09
854.18
1182.06
1727.85
1417.14
1337.68
976.63
1789.21
1552.15
1579.47
1685.49
1429.29
1397.84
731.12
1416.35
938.07
946.46
1782.83
874.98
1313.14
1957.23
1133.82
1230.87
1076.56
959.08
1156.82
1300.44
1533.24
1465.87
837.16
1486.45
1774.63
1455.84
1410.72
1707.78
1617.93
1903.20
1224.27
939.46
1406.31
1753.32
1277.47
1158.57
1592.84
1126.20
495.42
1649.85
1595.67
885.80
1144.08
1207.44
966.43
1675.06
999.88
1299.73
1181.13
1721.31
1582.37
1724.84
1847.49
1454.20
1455.66
1634.42
1771.27
1670.80
1873.34
1842.51
1601.75
1734.30
1278.85
1420.49
1245.99
1196.15
1754.50
1315.65
1149.91
1764.83
728.78
1776.72
1238.14
1027.90
1077.86
1949.30
1645.42
1503.11
1704.87
1422.47
1550.81
786.89
1406.89
991.77
1511.80
1696.61
1057.32
1459.68
1488.36
992.51
1230.53
936.75
1528.57
1831.18
817.52
1343.03
696.19
1536.35
613.91
1098.04
930.06
1383.01
1580.89
1931.39
2049.87
1344.19
810.19
825.26
993.07
1883.35
1515.44
1370.77
1406.35
1541.82
1298.37
1898.20
1601.93
1020.41
1943.96
2035.22
1878.86
1586.55
1567.97
923.59
1594.28
1184.33
1484.37
1523.03
968.46
570.57
1952.99
1423.73
828.19
1504.39
1656.46
1206.97
1627.26
1885.58
1039.37
796.41
1272.32
1767.12
699.54
686.55
597.29
1784.07
1692.03
1389.18
1811.30
1279.76
1832.85
1630.06
1349.24
1583.27
1954.97
1620.73
1260.98
1548.73
944.32
717.24
1501.00
1580.67
1650.48
1568.66
850.93
1762.26
1813.70
1805.65
1903.20
1703.49
1718.90
1424.17
2011.05
1771.05
1094.39
741.80
800.96
1756.65
1029.86
1655.35
1697.19
1511.51
1199.45
1422.75
1294.31
1656.18
738.71
1321.68
1795.52
772.08
1752.00
916.80
1614.99
1505.15
1220.35
789.86
1572.39
1465.56
1494.08
1517.12
1200.95
1765.71
1398.35
1522.82
1398.41
1829.08
967.72
1775.51
1737.13
1634.69
604.26
581.79
1821.08
1106.16
846.95
1548.17
1169.61
1669.23
1270.19
1549.35
1737.60
1805.65
1491.55
1887.35
1808.74
1241.39
1313.57
1479.30
1541.68
1094.39
1123.86
1542.85
1342.83
1299.57
1594.62
1641.74
1327.42
1568.97
1754.52
687.07
800.45
1696.77
1503.31
1437.19
1739.69
1556.46
1184.33
1120.65
1683.92
1400.90
1024.01
1835.97
1479.40
1809.43
1530.36
1697.80
1081.38
1460.22
1698.40
1759.00
2032.70
1059.76
610.04
1325.27
1525.08
983.28
708.98
1782.14
1227.09
1810.59
1250.60
1723.98
1821.02
1656.10
1177.79
1475.73
1660.58
1087.84
686.11
580.01
1184.33
1833.98
1682.20
742.76
1273.47
1541.58
1695.05
1539.76
1892.94
1955.42
1810.85
1492.80
1967.85
915.78
1198.11
474.65
1704.72
1511.40
1302.26
1542.85
1700.46
2023.38
1845.77
1733.68
1521.25
1417.14
1504.23
1559.93
1897.75
1956.75
1422.13
801.61
1746.54
1492.78
1298.21
1469.79
1435.58
1842.26
1064.54
1021.30
1248.76
483.80
1551.95
1526.71
1594.81
1491.40
1273.86
1079.48
1314.20
1078.63
550.33
1567.10
817.78
1607.79
1035.93
1808.54
659.29
1821.64
1800.47
1685.42
1599.24
1872.73
1330.60
1795.12
540.92
1210.48
2031.25
1013.06
1342.78
1510.04
1574.71
436.62
1440.79
1462.40
1330.33
1875.25
1833.47
373.24
1526.35
476.47
1577.70
1430.82
1613.29
1424.01
1762.28
1875.60
550.07
275.85
1420.29
1148.41
1151.29
1277.38
961.66
1699.12
906.08
1805.70
1496.02
781.96
779.52
1225.90
1700.10
1726.61
861.76
1617.23
1593.42
1131.16
632.58
743.05
1463.43
1186.44
1092.91
1484.48
907.09
1604.52
640.63
1305.74
1678.23
1609.99
1852.43
1655.00
1483.80
883.68
1723.10
759.68
1563.42
1190.83
1623.79
1308.57
1240.31
1464.17
1551.95
1551.55
1433.16
1862.88
1776.33
1773.37
906.91
1788.23
1348.60
1538.78
1948.18
1598.87
1699.81
666.45
1231.21
1207.58
1867.02
1476.99
1825.74
1762.80
776.17
1584.45
1677.91
1805.48
1149.12
1126.35
820.86
1512.27
2021.73
1011.14
1790.94
1550.81
1278.09
659.30
1696.66
849.14
1498.54
578.43
1114.46
1055.83
1281.02
1855.29
1885.13
799.70
1668.53
872.81
670.27
1265.27
1211.79
714.07
1519.32
1765.90
1164.10
1475.65
1174.25
1403.78
1535.78
1522.28
1229.51
1228.99
1405.60
434.65
707.79
1601.69
1231.93
1164.12
1081.82
1354.10
1260.12
922.87
1763.53
781.22
935.42
1394.24
1565.55
1560.35
1161.61
1577.50
1675.57
1752.00
1417.14
1859.11
1456.01
1601.08
1795.28
1091.24
1675.12
1499.68
1797.60
1426.85
1226.89
1730.38
1396.56
1792.16
1904.17
1881.16
1849.66
1651.88
1189.47
1549.38
599.00
1242.24
1469.76
1021.75
1652.93
1942.41
1792.80
1879.44
1336.52
902.52
1408.83
1668.53
1660.11
1770.46
624.85
1505.47
579.33
1303.82
1933.14
1541.09
1552.50
1073.47
921.51
1626.46
1411.87
1283.30
1508.50
1292.51
1897.07
1623.30
656.80
1233.53
1721.87
1290.65
1311.08
1483.95
1601.40
1064.72
696.92
304.29
1808.84
916.30
1722.39
1826.62
1557.84
1501.28
1949.80
817.13
1344.12
1460.56
1362.92
1243.67
822.15
1843.01
1611.16
1471.39
464.29
1136.42
1569.92
1554.02
1044.08
1870.86
924.88
828.33
1455.04
1286.08
1822.29
1409.99
1224.52
1883.62
1932.52
1737.85
1420.09
1197.56
601.72
1822.99
1485.56
1701.71
383.86
1732.97
1727.40
1693.12
1552.33
1822.18
968.20
746.37
1732.12
1714.21
1612.76
1466.51
1231.60
1441.04
1079.19
869.90
1885.00
1107.14
1332.93
1457.77
1089.52
1122.91
1601.95
1911.78
1441.03
602.00
1488.62
983.07
1641.06
1536.36
1230.82
1749.51
1498.39
1566.75
1905.40
1649.54
1134.98
1424.39
2025.60
1190.80
1538.13
1604.46
1145.29
766.27
1481.78
1162.78
1594.76
775.63
1450.53
1027.90
1249.86
1523.54
775.20
1421.39
1962.06
926.16
2020.28
1134.49
1180.78
966.29
1616.18
1801.63
1354.99
1526.41
1258.22
1022.94
775.45
1819.22
1169.17
1864.89
1664.08
1749.19
1118.92
1459.52
1464.96
1860.51
1111.69
1355.24
1710.78
795.62
1824.35
1816.98
1837.05
1790.21
1734.14
1090.60
1753.43
296.73
1402.81
1130.37
1408.13
805.88
2019.23
1369.28
1416.22
955.62
1872.71
1001.30
146.80
877.38
1104.79
1900.04
1960.62
1783.30
1609.41
1863.76
1265.65
1513.62
1013.27
1251.03
1508.56
945.46
819.85
1681.09
1239.18
737.75
1405.03
1753.70
1378.62
1618.28
1833.57
1231.07
1955.72
1659.05
1522.22
1689.42
1426.17
1314.31
746.33
1054.29
559.53
1593.12
1671.51
1651.28
1454.68
1355.54
1342.56
1319.51
625.77
1815.53
1782.74
1528.49
1791.27
1598.63
1373.13
1889.41
789.48
1291.42
809.98
1665.17
1374.74
1039.83
1257.31
1805.70
1682.83
1569.38
1319.17
900.31
1910.60
826.14
1431.17
1518.47
1186.29
1518.69
1269.58
1389.23
1130.46
972.89
1987.97
1553.42
759.46
1805.93
1339.36
1645.95
603.25
1829.72
1527.12
519.74
1192.79
976.27
313.61
1469.76
1337.01
1405.41
1639.46
1494.45
1202.87
1718.52
2116.41
629.26
1556.97
749.87
1638.47
1444.78
1183.68
907.70
1769.05
1770.05
1468.43
1409.52
779.90
1133.67
1788.73
1406.35
1326.01
1228.46
1777.56
431.80
1060.51
1031.23
974.56
1758.94
778.06
1059.88
1887.35
1524.57
1386.97
339.58
1361.58
1029.12
677.17
1189.77
857.06
1593.09
1665.77
1840.06
1450.33
1735.83
957.03
1526.80
1786.48
1598.38
1682.26
2006.81
1226.45
763.59
1404.07
1293.65
2005.06
1826.42
1520.25
1023.86
1799.93
746.67
1415.13
875.44
1775.97
1453.61
1257.35
1637.38
1544.32
1997.76
1597.75
147.84
1538.55
1732.54
1152.76
1032.14
1331.29
1549.91
1413.05
956.42
1878.30
1607.14
1633.35
1875.78
1913.57
1596.59
1329.22
1647.84
1594.51
1450.73
395.65
1597.75
1814.75
1263.93
1237.74
1732.98
662.90
610.40
656.54
1801.03
1391.43
